6.916593e+02,2,31,28,19,5.350951e-07,4.843458e-07,5.074928e-08,2.935511e-05,2.839609e-05,1.338700e-05,1.167351e+00,8.121647e-01
1.931917e+03,4,33,17,15,6.890219e-07,5.773135e-07,1.469171e-07,3.193628e-05,3.010768e-05,1.907937e-05,1.186126e+00,4.237281e-01
1.931917e+03,4,34,17,15,3.520868e-08,5.773135e-07,1.469171e-07,1.185104e-05,3.010768e-05,1.907937e-05,1.186126e+00,4.237281e-01
2.287262e+03,2,36,23,7,4.042076e-07,2.589511e-07,1.452565e-07,2.673467e-05,2.304690e-05,1.900722e-05,9.039286e-01,9.721967e-01
3.354213e+03,4,38,31,4,9.065414e-07,5.350951e-07,4.812972e-07,3.499472e-05,2.935511e-05,2.833639e-05,1.425048e+00,4.626229e-01
3.354213e+03,4,39,31,4,1.098509e-07,5.350951e-07,4.812972e-07,1.731708e-05,2.935511e-05,2.833639e-05,1.425048e+00,4.626229e-01
4.379280e+03,2,41,24,25,1.020219e-06,4.478623e-07,5.723566e-07,3.640026e-05,2.766442e-05,3.002126e-05,1.592835e+00,9.776228e-01
4.483203e+03,4,43,9,14,5.378751e-07,4.613573e-07,1.047236e-07,2.940586e-05,2.793953e-05,1.704334e-05,1.145464e+00,4.150403e-01
4.483203e+03,4,44,9,14,2.820578e-08,4.613573e-07,1.047236e-07,1.100659e-05,2.793953e-05,1.704334e-05,1.145464e+00,4.150403e-01
6.864861e+03,3,46,26,2,3.388133e-07,3.035933e-07,3.522004e-08,2.520733e-05,2.430174e-05,1.185232e-05,1.315978e+00,6.581355e-01
1.176417e+04,10,48,38,46,9.065414e-07,9.065414e-07,3.388133e-07,3.499472e-05,3.499472e-05,2.520733e-05,5.005179e+00,1.068106e+00
1.176417e+04,10,49,38,46,3.388133e-07,9.065414e-07,3.388133e-07,2.520733e-05,3.499472e-05,2.520733e-05,5.005179e+00,1.068106e+00
5.380641e+04,4,51,6,22,6.388227e-07,5.017530e-07,2.595040e-07,3.114106e-05,2.873227e-05,2.306330e-05,1.963205e+00,9.763483e-01
5.380641e+04,4,52,6,22,1.224343e-07,5.017530e-07,2.595040e-07,1.795455e-05,2.873227e-05,2.306330e-05,1.963205e+00,9.763483e-01
1.010671e+05,5,54,8,11,4.338594e-07,4.432840e-07,9.152085e-08,2.737304e-05,2.756983e-05,1.629471e-05,2.248130e+00,2.084591e-01
1.010671e+05,5,55,8,11,1.009455e-07,4.432840e-07,9.152085e-08,1.683587e-05,2.756983e-05,1.629471e-05,2.248130e+00,2.084591e-01
1.061053e+05,10,57,41,48,1.020219e-06,1.020219e-06,9.065414e-07,3.640026e-05,3.640026e-05,3.499472e-05,3.693961e+00,1.140889e+00
1.061053e+05,10,58,41,48,9.065414e-07,1.020219e-06,9.065414e-07,3.499472e-05,3.640026e-05,3.499472e-05,3.693961e+00,1.140889e+00
1.100671e+05,5,60,58,33,8.708717e-07,9.065414e-07,6.890219e-07,3.452959e-05,3.499472e-05,3.193628e-05,2.927822e+00,1.771714e-01
1.100671e+05,5,61,58,33,2.774613e-07,9.065414e-07,6.890219e-07,2.358346e-05,3.499472e-05,3.193628e-05,2.927822e+00,1.771714e-01
1.100671e+05,5,62,58,33,4.472304e-07,9.065414e-07,6.890219e-07,2.765140e-05,3.499472e-05,3.193628e-05,2.927822e+00,1.771714e-01
1.393491e+05,5,64,60,5,7.139930e-07,8.708717e-07,2.403716e-07,3.231752e-05,3.452959e-05,2.248197e-05,3.795069e+00,6.712854e-01
1.393491e+05,5,65,60,5,3.972503e-07,8.708717e-07,2.403716e-07,2.658039e-05,3.452959e-05,2.248197e-05,3.795069e+00,6.712854e-01
1.470980e+05,5,67,12,18,1.820677e-08,1.905395e-07,2.879082e-08,9.512272e-06,2.080663e-05,1.108217e-05,4.827139e+00,3.239837e-01
1.470980e+05,5,68,12,18,1.433321e-08,1.905395e-07,2.879082e-08,8.783236e-06,2.080663e-05,1.108217e-05,4.827139e+00,3.239837e-01
1.470980e+05,5,69,12,18,1.430014e-08,1.905395e-07,2.879082e-08,8.776474e-06,2.080663e-05,1.108217e-05,4.827139e+00,3.239837e-01
1.470980e+05,5,70,12,18,1.431020e-08,1.905395e-07,2.879082e-08,8.778532e-06,2.080663e-05,1.108217e-05,4.827139e+00,3.239837e-01
1.470980e+05,5,71,12,18,1.440122e-08,1.905395e-07,2.879082e-08,8.797105e-06,2.080663e-05,1.108217e-05,4.827139e+00,3.239837e-01
1.470980e+05,5,72,12,18,1.443480e-08,1.905395e-07,2.879082e-08,8.803937e-06,2.080663e-05,1.108217e-05,4.827139e+00,3.239837e-01
1.470980e+05,5,73,12,18,1.437078e-08,1.905395e-07,2.879082e-08,8.790902e-06,2.080663e-05,1.108217e-05,4.827139e+00,3.239837e-01
1.470980e+05,5,74,12,18,1.435096e-08,1.905395e-07,2.879082e-08,8.786859e-06,2.080663e-05,1.108217e-05,4.827139e+00,3.239837e-01
1.470980e+05,5,75,12,18,1.430268e-08,1.905395e-07,2.879082e-08,8.776993e-06,2.080663e-05,1.108217e-05,4.827139e+00,3.239837e-01
1.470980e+05,5,76,12,18,1.432536e-08,1.905395e-07,2.879082e-08,8.781631e-06,2.080663e-05,1.108217e-05,4.827139e+00,3.239837e-01
1.470980e+05,5,77,12,18,1.439759e-08,1.905395e-07,2.879082e-08,8.796365e-06,2.080663e-05,1.108217e-05,4.827139e+00,3.239837e-01
1.470980e+05,5,78,12,18,1.435160e-08,1.905395e-07,2.879082e-08,8.786990e-06,2.080663e-05,1.108217e-05,4.827139e+00,3.239837e-01
1.470980e+05,5,79,12,18,1.439687e-08,1.905395e-07,2.879082e-08,8.796219e-06,2.080663e-05,1.108217e-05,4.827139e+00,3.239837e-01
1.470980e+05,5,80,12,18,1.441956e-08,1.905395e-07,2.879082e-08,8.800837e-06,2.080663e-05,1.108217e-05,4.827139e+00,3.239837e-01
1.470980e+05,5,81,12,18,1.442860e-08,1.905395e-07,2.879082e-08,8.802677e-06,2.080663e-05,1.108217e-05,4.827139e+00,3.239837e-01
1.470982e+05,3,83,71,0,1.000000e+00,1.440122e-08,1.000000e+00,4.650000e-03,8.797105e-06,4.650000e-03,1.399133e+02,3.051724e-01
