1.455557e+03,4,31,17,13,3.254510e-07,2.537195e-07,1.501045e-07,2.487149e-05,2.289064e-05,1.921637e-05,1.352203e+00,3.609070e-01
1.455557e+03,4,32,17,13,7.837302e-08,2.537195e-07,1.501045e-07,1.547375e-05,2.289064e-05,1.921637e-05,1.352203e+00,3.609070e-01
3.027995e+03,2,34,30,26,1.011821e-06,4.652288e-07,5.465922e-07,3.630011e-05,2.801747e-05,2.956386e-05,1.257456e+00,1.299786e+00
4.066523e+03,10,36,34,18,1.011821e-06,1.011821e-06,1.058833e-07,3.630011e-05,3.630011e-05,1.710603e-05,1.585276e+00,1.429134e+00
4.066523e+03,10,37,34,18,1.058833e-07,1.011821e-06,1.058833e-07,1.710603e-05,3.630011e-05,1.710603e-05,1.585276e+00,1.429134e+00
5.094769e+03,10,39,19,3,1.685968e-07,1.685968e-07,6.318162e-08,1.997514e-05,1.997514e-05,1.440136e-05,8.624929e-01,1.121258e+00
5.094769e+03,10,40,19,3,6.318162e-08,1.685968e-07,6.318162e-08,1.440136e-05,1.997514e-05,1.440136e-05,8.624929e-01,1.121258e+00
7.765480e+03,1,42,4,10,1.057765e-06,5.523613e-07,5.054036e-07,3.684142e-05,2.966751e-05,2.880179e-05,1.192604e+00,1.414261e+00
1.128395e+04,4,44,1,29,2.982847e-07,1.811825e-07,1.625258e-07,2.415926e-05,2.046031e-05,1.973244e-05,1.017635e+00,3.387534e-01
1.128395e+04,4,45,1,29,4.542366e-08,1.811825e-07,1.625258e-07,1.290132e-05,2.046031e-05,1.973244e-05,1.017635e+00,3.387534e-01
1.370409e+04,10,47,7,2,3.514249e-07,3.514249e-07,1.559138e-07,2.551629e-05,2.551629e-05,1.946113e-05,1.472472e+00,1.512084e+00
1.370409e+04,10,48,7,2,1.559138e-07,3.514249e-07,1.559138e-07,1.946113e-05,2.551629e-05,1.946113e-05,1.472472e+00,1.512084e+00
1.765729e+04,4,50,8,6,5.838223e-07,4.240810e-07,2.092657e-07,3.022040e-05,2.716583e-05,2.146707e-05,1.047621e+00,3.234686e-01
1.765729e+04,4,51,8,6,4.952447e-08,4.240810e-07,2.092657e-07,1.327843e-05,2.716583e-05,2.146707e-05,1.047621e+00,3.234686e-01
1.997048e+04,6,53,31,37,1.400000e-08,3.254510e-07,1.058833e-07,8.714638e-06,2.487149e-05,1.710603e-05,1.072020e+01,9.971651e-01
1.997048e+04,6,54,31,37,1.435988e-08,3.254510e-07,1.058833e-07,8.788678e-06,2.487149e-05,1.710603e-05,1.072020e+01,9.971651e-01
1.997048e+04,6,55,31,37,1.445621e-08,3.254510e-07,1.058833e-07,8.808287e-06,2.487149e-05,1.710603e-05,1.072020e+01,9.971651e-01
1.997048e+04,6,56,31,37,1.431656e-08,3.254510e-07,1.058833e-07,8.779832e-06,2.487149e-05,1.710603e-05,1.072020e+01,9.971651e-01
1.997048e+04,6,57,31,37,1.438492e-08,3.254510e-07,1.058833e-07,8.793784e-06,2.487149e-05,1.710603e-05,1.072020e+01,9.971651e-01
1.997048e+04,6,58,31,37,1.437593e-08,3.254510e-07,1.058833e-07,8.791953e-06,2.487149e-05,1.710603e-05,1.072020e+01,9.971651e-01
1.997048e+04,6,59,31,37,1.442210e-08,3.254510e-07,1.058833e-07,8.801354e-06,2.487149e-05,1.710603e-05,1.072020e+01,9.971651e-01
1.997048e+04,6,60,31,37,1.437396e-08,3.254510e-07,1.058833e-07,8.791552e-06,2.487149e-05,1.710603e-05,1.072020e+01,9.971651e-01
1.997048e+04,6,61,31,37,1.445570e-08,3.254510e-07,1.058833e-07,8.808184e-06,2.487149e-05,1.710603e-05,1.072020e+01,9.971651e-01
1.997048e+04,6,62,31,37,1.431759e-08,3.254510e-07,1.058833e-07,8.780043e-06,2.487149e-05,1.710603e-05,1.072020e+01,9.971651e-01
1.997048e+04,6,63,31,37,1.441868e-08,3.254510e-07,1.058833e-07,8.800659e-06,2.487149e-05,1.710603e-05,1.072020e+01,9.971651e-01
1.997048e+04,6,64,31,37,1.434642e-08,3.254510e-07,1.058833e-07,8.785931e-06,2.487149e-05,1.710603e-05,1.072020e+01,9.971651e-01
1.997048e+04,6,65,31,37,1.432653e-08,3.254510e-07,1.058833e-07,8.781869e-06,2.487149e-05,1.710603e-05,1.072020e+01,9.971651e-01
1.997048e+04,6,66,31,37,1.433310e-08,3.254510e-07,1.058833e-07,8.783213e-06,2.487149e-05,1.710603e-05,1.072020e+01,9.971651e-01
1.997048e+04,6,67,31,37,1.441121e-08,3.254510e-07,1.058833e-07,8.799139e-06,2.487149e-05,1.710603e-05,1.072020e+01,9.971651e-01
1.997048e+04,6,68,31,37,1.442024e-08,3.254510e-07,1.058833e-07,8.800976e-06,2.487149e-05,1.710603e-05,1.072020e+01,9.971651e-01
1.997048e+04,6,69,31,37,1.433864e-08,3.254510e-07,1.058833e-07,8.784344e-06,2.487149e-05,1.710603e-05,1.072020e+01,9.971651e-01
1.997048e+04,6,70,31,37,1.435503e-08,3.254510e-07,1.058833e-07,8.787690e-06,2.487149e-05,1.710603e-05,1.072020e+01,9.971651e-01
1.997048e+04,6,71,31,37,1.434170e-08,3.254510e-07,1.058833e-07,8.784969e-06,2.487149e-05,1.710603e-05,1.072020e+01,9.971651e-01
1.997048e+04,6,72,31,37,1.445183e-08,3.254510e-07,1.058833e-07,8.807399e-06,2.487149e-05,1.710603e-05,1.072020e+01,9.971651e-01
1.997048e+04,6,73,31,37,1.445638e-08,3.254510e-07,1.058833e-07,8.808323e-06,2.487149e-05,1.710603e-05,1.072020e+01,9.971651e-01
1.997048e+04,6,74,31,37,1.436366e-08,3.254510e-07,1.058833e-07,8.789450e-06,2.487149e-05,1.710603e-05,1.072020e+01,9.971651e-01
1.997048e+04,6,75,31,37,1.439168e-08,3.254510e-07,1.058833e-07,8.795163e-06,2.487149e-05,1.710603e-05,1.072020e+01,9.971651e-01
1.997048e+04,6,76,31,37,1.443432e-08,3.254510e-07,1.058833e-07,8.803839e-06,2.487149e-05,1.710603e-05,1.072020e+01,9.971651e-01
1.997048e+04,6,77,31,37,1.443893e-08,3.254510e-07,1.058833e-07,8.804777e-06,2.487149e-05,1.710603e-05,1.072020e+01,9.971651e-01
1.997048e+04,6,78,31,37,1.442775e-08,3.254510e-07,1.058833e-07,8.802503e-06,2.487149e-05,1.710603e-05,1.072020e+01,9.971651e-01
1.997048e+04,6,79,31,37,1.436173e-08,3.254510e-07,1.058833e-07,8.789056e-06,2.487149e-05,1.710603e-05,1.072020e+01,9.971651e-01
1.997048e+04,6,80,31,37,1.434669e-08,3.254510e-07,1.058833e-07,8.785988e-06,2.487149e-05,1.710603e-05,1.072020e+01,9.971651e-01
1.997048e+04,6,81,31,37,1.445074e-08,3.254510e-07,1.058833e-07,8.807177e-06,2.487149e-05,1.710603e-05,1.072020e+01,9.971651e-01
1.997048e+04,6,82,31,37,1.445626e-08,3.254510e-07,1.058833e-07,8.808298e-06,2.487149e-05,1.710603e-05,1.072020e+01,9.971651e-01
2.787478e+04,10,84,23,11,5.803640e-07,5.803640e-07,7.455021e-08,3.016061e-05,3.016061e-05,1.521795e-05,3.162394e+00,1.162890e+00
2.787478e+04,10,85,23,11,7.455021e-08,5.803640e-07,7.455021e-08,1.521795e-05,3.016061e-05,1.521795e-05,3.162394e+00,1.162890e+00
3.566874e+04,10,87,42,24,1.057765e-06,1.057765e-06,2.395397e-07,3.684142e-05,3.684142e-05,2.245600e-05,1.490733e+00,9.700220e-01
3.566874e+04,10,88,42,24,2.395397e-07,1.057765e-06,2.395397e-07,2.245600e-05,3.684142e-05,2.245600e-05,1.490733e+00,9.700220e-01
6.007263e+04,9,90,21,67,5.229282e-07,5.229282e-07,1.441121e-08,2.913091e-05,2.913091e-05,8.799139e-06,2.361822e+00,1.466607e+00
6.007263e+04,9,91,21,67,1.441121e-08,5.229282e-07,1.441121e-08,8.799139e-06,2.913091e-05,8.799139e-06,2.361822e+00,1.466607e+00
6.697484e+04,3,93,61,0,1.000000e+00,1.445570e-08,1.000000e+00,4.650000e-03,8.808184e-06,4.650000e-03,1.305294e+02,1.474511e+00
