1.455557e+03,4,31,17,13,3.254510e-07,2.537195e-07,1.501045e-07,2.487149e-05,2.289064e-05,1.921637e-05,1.352203e+00,3.609070e-01
1.455557e+03,4,32,17,13,7.837302e-08,2.537195e-07,1.501045e-07,1.547375e-05,2.289064e-05,1.921637e-05,1.352203e+00,3.609070e-01
8.245734e+03,4,34,19,18,2.577758e-07,1.685968e-07,1.058833e-07,2.301198e-05,1.997514e-05,1.710603e-05,8.261004e-01,6.101489e-01
8.245734e+03,4,35,19,18,1.670429e-08,1.685968e-07,1.058833e-07,9.243066e-06,1.997514e-05,1.710603e-05,8.261004e-01,6.101489e-01
1.091273e+04,10,37,1,29,1.811825e-07,1.811825e-07,1.625258e-07,2.046031e-05,2.046031e-05,1.973244e-05,9.706280e-01,1.193675e+00
1.091273e+04,10,38,1,29,1.625258e-07,1.811825e-07,1.625258e-07,1.973244e-05,2.046031e-05,1.973244e-05,9.706280e-01,1.193675e+00
1.812884e+04,2,40,38,23,7.428898e-07,1.625258e-07,5.803640e-07,3.274775e-05,1.973244e-05,3.016061e-05,1.139414e+00,9.446969e-01
3.580927e+04,10,42,8,28,4.240810e-07,4.240810e-07,2.543831e-07,2.716583e-05,2.716583e-05,2.291058e-05,1.665190e+00,9.690994e-01
3.580927e+04,10,43,8,28,2.543831e-07,4.240810e-07,2.543831e-07,2.291058e-05,2.716583e-05,2.291058e-05,1.665190e+00,9.690994e-01
4.310698e+04,10,45,42,43,4.240810e-07,4.240810e-07,2.543831e-07,2.716583e-05,2.716583e-05,2.291058e-05,1.691710e+00,1.501125e+00
4.310698e+04,10,46,42,43,2.543831e-07,4.240810e-07,2.543831e-07,2.291058e-05,2.716583e-05,2.291058e-05,1.691710e+00,1.501125e+00
4.487615e+04,11,48,7,34,4.287435e-07,3.514249e-07,2.577758e-07,2.726502e-05,2.551629e-05,2.301198e-05,2.441705e+00,5.895785e-01
4.487615e+04,11,49,7,34,1.127820e-07,3.514249e-07,2.577758e-07,1.746975e-05,2.551629e-05,2.301198e-05,2.441705e+00,5.895785e-01
4.487615e+04,11,50,7,34,6.767513e-08,3.514249e-07,2.577758e-07,1.473498e-05,2.551629e-05,2.301198e-05,2.441705e+00,5.895785e-01
4.938808e+04,4,52,40,45,9.602233e-07,7.428898e-07,4.240810e-07,3.567227e-05,3.274775e-05,2.716583e-05,2.151001e+00,5.906124e-01
4.938808e+04,4,53,40,45,2.067476e-07,7.428898e-07,4.240810e-07,2.138061e-05,3.274775e-05,2.716583e-05,2.151001e+00,5.906124e-01
5.264779e+04,5,55,52,12,9.238643e-07,9.602233e-07,5.175084e-08,3.521622e-05,3.567227e-05,1.347449e-05,5.520625e+00,2.742599e-01
5.264779e+04,5,56,52,12,8.810976e-08,9.602233e-07,5.175084e-08,1.608970e-05,3.567227e-05,1.347449e-05,5.520625e+00,2.742599e-01
6.000977e+04,5,58,55,16,7.804557e-07,9.238643e-07,4.618022e-07,3.329069e-05,3.521622e-05,2.794851e-05,3.528109e+00,5.916275e-01
6.000977e+04,5,59,55,16,6.052108e-07,9.238643e-07,4.618022e-07,3.058503e-05,3.521622e-05,2.794851e-05,3.528109e+00,5.916275e-01
6.799793e+04,5,61,26,48,4.881225e-07,5.465922e-07,4.287435e-07,2.846970e-05,2.956386e-05,2.726502e-05,2.677653e+00,2.486301e-01
6.799793e+04,5,62,26,48,2.799423e-07,5.465922e-07,4.287435e-07,2.365354e-05,2.956386e-05,2.726502e-05,2.677653e+00,2.486301e-01
6.799793e+04,5,63,26,48,2.072710e-07,5.465922e-07,4.287435e-07,2.139864e-05,2.956386e-05,2.726502e-05,2.677653e+00,2.486301e-01
8.762164e+04,5,65,9,22,3.345412e-07,4.584480e-07,2.745327e-07,2.510093e-05,2.788068e-05,2.350019e-05,2.565992e+00,5.202306e-02
8.762164e+04,5,66,9,22,1.612597e-07,4.584480e-07,2.745327e-07,1.968107e-05,2.788068e-05,2.350019e-05,2.565992e+00,5.202306e-02
8.762164e+04,5,67,9,22,1.107627e-07,4.584480e-07,2.745327e-07,1.736485e-05,2.788068e-05,2.350019e-05,2.565992e+00,5.202306e-02
8.762164e+04,5,68,9,22,1.264171e-07,4.584480e-07,2.745327e-07,1.814716e-05,2.788068e-05,2.350019e-05,2.565992e+00,5.202306e-02
9.698763e+04,4,70,61,6,4.932479e-07,4.881225e-07,2.092657e-07,2.856900e-05,2.846970e-05,2.146707e-05,2.333973e+00,4.939249e-01
9.698763e+04,4,71,61,6,2.041403e-07,4.881225e-07,2.092657e-07,2.129036e-05,2.846970e-05,2.146707e-05,2.333973e+00,4.939249e-01
1.096508e+05,1,73,0,32,1.000000e+00,1.000000e+00,7.837302e-08,4.650000e-03,4.650000e-03,1.547375e-05,1.282555e+02,1.544141e+00
1.537745e+05,5,75,70,46,3.436330e-08,4.932479e-07,2.543831e-07,1.175542e-05,2.856900e-05,2.291058e-05,4.621053e+00,2.865169e-01
1.537745e+05,5,76,70,46,1.496368e-08,4.932479e-07,2.543831e-07,8.910173e-06,2.856900e-05,2.291058e-05,4.621053e+00,2.865169e-01
1.537745e+05,5,77,70,46,1.714557e-08,4.932479e-07,2.543831e-07,9.323750e-06,2.856900e-05,2.291058e-05,4.621053e+00,2.865169e-01
1.537745e+05,5,78,70,46,1.724130e-08,4.932479e-07,2.543831e-07,9.341071e-06,2.856900e-05,2.291058e-05,4.621053e+00,2.865169e-01
1.537745e+05,5,79,70,46,1.599877e-08,4.932479e-07,2.543831e-07,9.111059e-06,2.856900e-05,2.291058e-05,4.621053e+00,2.865169e-01
1.537745e+05,5,80,70,46,1.435283e-08,4.932479e-07,2.543831e-07,8.787241e-06,2.856900e-05,2.291058e-05,4.621053e+00,2.865169e-01
1.537745e+05,5,81,70,46,1.453837e-08,4.932479e-07,2.543831e-07,8.824943e-06,2.856900e-05,2.291058e-05,4.621053e+00,2.865169e-01
1.537745e+05,5,82,70,46,1.705368e-08,4.932479e-07,2.543831e-07,9.307063e-06,2.856900e-05,2.291058e-05,4.621053e+00,2.865169e-01
1.537745e+05,5,83,70,46,1.540066e-08,4.932479e-07,2.543831e-07,8.996077e-06,2.856900e-05,2.291058e-05,4.621053e+00,2.865169e-01
1.537745e+05,5,84,70,46,1.529061e-08,4.932479e-07,2.543831e-07,8.974597e-06,2.856900e-05,2.291058e-05,4.621053e+00,2.865169e-01
1.537745e+05,5,85,70,46,1.705321e-08,4.932479e-07,2.543831e-07,9.306978e-06,2.856900e-05,2.291058e-05,4.621053e+00,2.865169e-01
1.537745e+05,5,86,70,46,1.685493e-08,4.932479e-07,2.543831e-07,9.270766e-06,2.856900e-05,2.291058e-05,4.621053e+00,2.865169e-01
1.537745e+05,5,87,70,46,1.555112e-08,4.932479e-07,2.543831e-07,9.025278e-06,2.856900e-05,2.291058e-05,4.621053e+00,2.865169e-01
1.537745e+05,5,88,70,46,1.409998e-08,4.932479e-07,2.543831e-07,8.735333e-06,2.856900e-05,2.291058e-05,4.621053e+00,2.865169e-01
1.537745e+05,5,89,70,46,1.475647e-08,4.932479e-07,2.543831e-07,8.868854e-06,2.856900e-05,2.291058e-05,4.621053e+00,2.865169e-01
1.537745e+05,5,90,70,46,1.592129e-08,4.932479e-07,2.543831e-07,9.096327e-06,2.856900e-05,2.291058e-05,4.621053e+00,2.865169e-01
1.537745e+05,5,91,70,46,1.666853e-08,4.932479e-07,2.543831e-07,9.236465e-06,2.856900e-05,2.291058e-05,4.621053e+00,2.865169e-01
1.537745e+05,5,92,70,46,1.471687e-08,4.932479e-07,2.543831e-07,8.860913e-06,2.856900e-05,2.291058e-05,4.621053e+00,2.865169e-01
1.537745e+05,5,93,70,46,1.620297e-08,4.932479e-07,2.543831e-07,9.149658e-06,2.856900e-05,2.291058e-05,4.621053e+00,2.865169e-01
1.537745e+05,5,94,70,46,1.515518e-08,4.932479e-07,2.543831e-07,8.948021e-06,2.856900e-05,2.291058e-05,4.621053e+00,2.865169e-01
1.537745e+05,5,95,70,46,1.571530e-08,4.932479e-07,2.543831e-07,9.056927e-06,2.856900e-05,2.291058e-05,4.621053e+00,2.865169e-01
1.537745e+05,5,96,70,46,1.666166e-08,4.932479e-07,2.543831e-07,9.235196e-06,2.856900e-05,2.291058e-05,4.621053e+00,2.865169e-01
1.537745e+05,5,97,70,46,1.448351e-08,4.932479e-07,2.543831e-07,8.813828e-06,2.856900e-05,2.291058e-05,4.621053e+00,2.865169e-01
1.537745e+05,5,98,70,46,1.651365e-08,4.932479e-07,2.543831e-07,9.207768e-06,2.856900e-05,2.291058e-05,4.621053e+00,2.865169e-01
1.537745e+05,5,99,70,46,1.587226e-08,4.932479e-07,2.543831e-07,9.086981e-06,2.856900e-05,2.291058e-05,4.621053e+00,2.865169e-01
1.537745e+05,5,100,70,46,1.624822e-08,4.932479e-07,2.543831e-07,9.158167e-06,2.856900e-05,2.291058e-05,4.621053e+00,2.865169e-01
1.537745e+05,5,101,70,46,1.433577e-08,4.932479e-07,2.543831e-07,8.783758e-06,2.856900e-05,2.291058e-05,4.621053e+00,2.865169e-01
1.537745e+05,5,102,70,46,1.469896e-08,4.932479e-07,2.543831e-07,8.857318e-06,2.856900e-05,2.291058e-05,4.621053e+00,2.865169e-01
1.537745e+05,5,103,70,46,1.641938e-08,4.932479e-07,2.543831e-07,9.190214e-06,2.856900e-05,2.291058e-05,4.621053e+00,2.865169e-01
1.537745e+05,5,104,70,46,1.515900e-08,4.932479e-07,2.543831e-07,8.948774e-06,2.856900e-05,2.291058e-05,4.621053e+00,2.865169e-01
1.537745e+05,5,105,70,46,1.538302e-08,4.932479e-07,2.543831e-07,8.992640e-06,2.856900e-05,2.291058e-05,4.621053e+00,2.865169e-01
1.537745e+05,5,106,70,46,1.669531e-08,4.932479e-07,2.543831e-07,9.241408e-06,2.856900e-05,2.291058e-05,4.621053e+00,2.865169e-01
1.537745e+05,5,107,70,46,1.693293e-08,4.932479e-07,2.543831e-07,9.285045e-06,2.856900e-05,2.291058e-05,4.621053e+00,2.865169e-01
1.537745e+05,5,108,70,46,1.675157e-08,4.932479e-07,2.543831e-07,9.251778e-06,2.856900e-05,2.291058e-05,4.621053e+00,2.865169e-01
1.537745e+05,5,109,70,46,1.508890e-08,4.932479e-07,2.543831e-07,8.934958e-06,2.856900e-05,2.291058e-05,4.621053e+00,2.865169e-01
1.537745e+05,5,110,70,46,1.614518e-08,4.932479e-07,2.543831e-07,9.138768e-06,2.856900e-05,2.291058e-05,4.621053e+00,2.865169e-01
1.537745e+05,5,111,70,46,1.678764e-08,4.932479e-07,2.543831e-07,9.258413e-06,2.856900e-05,2.291058e-05,4.621053e+00,2.865169e-01
1.537745e+05,5,112,70,46,1.634337e-08,4.932479e-07,2.543831e-07,9.176011e-06,2.856900e-05,2.291058e-05,4.621053e+00,2.865169e-01
1.537745e+05,5,113,70,46,1.506779e-08,4.932479e-07,2.543831e-07,8.930789e-06,2.856900e-05,2.291058e-05,4.621053e+00,2.865169e-01
1.537745e+05,5,114,70,46,1.696501e-08,4.932479e-07,2.543831e-07,9.290906e-06,2.856900e-05,2.291058e-05,4.621053e+00,2.865169e-01
1.537745e+05,5,115,70,46,1.661235e-08,4.932479e-07,2.543831e-07,9.226076e-06,2.856900e-05,2.291058e-05,4.621053e+00,2.865169e-01
1.537745e+05,5,116,70,46,1.549071e-08,4.932479e-07,2.543831e-07,9.013577e-06,2.856900e-05,2.291058e-05,4.621053e+00,2.865169e-01
1.537745e+05,5,117,70,46,1.617060e-08,4.932479e-07,2.543831e-07,9.143560e-06,2.856900e-05,2.291058e-05,4.621053e+00,2.865169e-01
1.537745e+05,5,118,70,46,1.660862e-08,4.932479e-07,2.543831e-07,9.225386e-06,2.856900e-05,2.291058e-05,4.621053e+00,2.865169e-01
1.537745e+05,5,119,70,46,1.541515e-08,4.932479e-07,2.543831e-07,8.998896e-06,2.856900e-05,2.291058e-05,4.621053e+00,2.865169e-01
1.537745e+05,5,120,70,46,1.573581e-08,4.932479e-07,2.543831e-07,9.060866e-06,2.856900e-05,2.291058e-05,4.621053e+00,2.865169e-01
1.537806e+05,8,122,111,110,2.089439e-09,1.678764e-08,1.614518e-08,4.622567e-06,9.258413e-06,9.138768e-06,3.140984e+00,1.411544e+00
1.537806e+05,8,123,111,110,1.545147e-08,1.678764e-08,1.614518e-08,9.005958e-06,9.258413e-06,9.138768e-06,3.140984e+00,1.411544e+00
1.537806e+05,8,124,111,110,1.539191e-08,1.678764e-08,1.614518e-08,8.994373e-06,9.258413e-06,9.138768e-06,3.140984e+00,1.411544e+00
1.543814e+05,6,126,114,115,1.400000e-08,1.696501e-08,1.661235e-08,8.714638e-06,9.290906e-06,9.226076e-06,3.134038e+00,4.160708e-01
1.543814e+05,6,127,114,115,1.957736e-08,1.696501e-08,1.661235e-08,9.745214e-06,9.290906e-06,9.226076e-06,3.134038e+00,4.160708e-01
1.567459e+05,6,129,11,109,1.400000e-08,7.455021e-08,1.508890e-08,8.714638e-06,1.521795e-05,8.934958e-06,2.497914e+01,7.900579e-01
1.567459e+05,6,130,11,109,1.517391e-08,7.455021e-08,1.508890e-08,8.951706e-06,1.521795e-05,8.934958e-06,2.497914e+01,7.900579e-01
1.567459e+05,6,131,11,109,1.506961e-08,7.455021e-08,1.508890e-08,8.931149e-06,1.521795e-05,8.934958e-06,2.497914e+01,7.900579e-01
1.567459e+05,6,132,11,109,1.517140e-08,7.455021e-08,1.508890e-08,8.951213e-06,1.521795e-05,8.934958e-06,2.497914e+01,7.900579e-01
1.567459e+05,6,133,11,109,1.514722e-08,7.455021e-08,1.508890e-08,8.946455e-06,1.521795e-05,8.934958e-06,2.497914e+01,7.900579e-01
1.567459e+05,6,134,11,109,1.507697e-08,7.455021e-08,1.508890e-08,8.932603e-06,1.521795e-05,8.934958e-06,2.497914e+01,7.900579e-01
1.567459e+05,3,136,132,73,1.000000e+00,1.517140e-08,1.000000e+00,4.650000e-03,8.951213e-06,4.650000e-03,1.363007e+02,2.781053e-01
1.567533e+05,8,138,134,129,3.531385e-11,1.507697e-08,1.400000e-08,1.186283e-06,8.932603e-06,8.714638e-06,9.865936e+00,8.312156e-01
1.567533e+05,8,139,134,129,1.451408e-08,1.507697e-08,1.400000e-08,8.820026e-06,8.932603e-06,8.714638e-06,9.865936e+00,8.312156e-01
1.567533e+05,8,140,134,129,1.452757e-08,1.507697e-08,1.400000e-08,8.822758e-06,8.932603e-06,8.714638e-06,9.865936e+00,8.312156e-01
